--- Full Extracted Feature Map ---
Timestamp: 2025-04-29T05:34:06
Shape: (1, 4, 4, 256)
Data Type: float32
Min value: 0.0
Max value: 0.7850747108459473
Mean value: 0.015163951553404331
Std Dev: 0.07280096411705017

Feature Map Content (Full):
[[[[0.000000e+00 0.000000e+00 0.000000e+00 0.000000e+00 0.000000e+00 0.000000e+00 0.000000e+00 2.695420e-02 0.000000e+00 0.000000e+00 0.000000e+00
    0.000000e+00 0.000000e+00 0.000000e+00 0.000000e+00 0.000000e+00 0.000000e+00 0.000000e+00 0.000000e+00 0.000000e+00 0.000000e+00 0.000000e+00
    1.892075e-01 0.000000e+00 0.000000e+00 0.000000e+00 0.000000e+00 0.000000e+00 4.162390e-01 0.000000e+00 0.000000e+00 2.134327e-02 0.000000e+00
    0.000000e+00 0.000000e+00 0.000000e+00 0.000000e+00 0.000000e+00 0.000000e+00 0.000000e+00 0.000000e+00 0.000000e+00 2.434260e-01 0.000000e+00
    0.000000e+00 0.000000e+00 0.000000e+00 0.000000e+00 0.000000e+00 0.000000e+00 0.000000e+00 0.000000e+00 0.000000e+00 0.000000e+00 0.000000e+00
    0.000000e+00 0.000000e+00 0.000000e+00 0.000000e+00 0.000000e+00 0.000000e+00 0.000000e+00 0.000000e+00 0.000000e+00 0.000000e+00 0.000000e+00
    0.000000e+00 0.000000e+00 0.000000e+00 0.000000e+00 1.101098e-01 0.000000e+00 0.000000e+00 0.000000e+00 0.000000e+00 0.000000e+00 0.000000e+00
    0.000000e+00 0.000000e+00 0.000000e+00 0.000000e+00 0.000000e+00 0.000000e+00 0.000000e+00 0.000000e+00 0.000000e+00 0.000000e+00 0.000000e+00
    0.000000e+00 0.000000e+00 0.000000e+00 0.000000e+00 2.051266e-01 0.000000e+00 0.000000e+00 0.000000e+00 0.000000e+00 0.000000e+00 0.000000e+00
    0.000000e+00 0.000000e+00 0.000000e+00 0.000000e+00 0.000000e+00 0.000000e+00 3.595760e-02 0.000000e+00 0.000000e+00 0.000000e+00 0.000000e+00
    0.000000e+00 0.000000e+00 0.000000e+00 0.000000e+00 0.000000e+00 3.487978e-02 0.000000e+00 0.000000e+00 0.000000e+00 0.000000e+00 0.000000e+00
    0.000000e+00 0.000000e+00 0.000000e+00 0.000000e+00 0.000000e+00 0.000000e+00 0.000000e+00 0.000000e+00 0.000000e+00 0.000000e+00 0.000000e+00
    0.000000e+00 0.000000e+00 0.000000e+00 0.000000e+00 0.000000e+00 0.000000e+00 1.732175e-01 0.000000e+00 0.000000e+00 0.000000e+00 0.000000e+00
    0.000000e+00 0.000000e+00 0.000000e+00 0.000000e+00 0.000000e+00 0.000000e+00 8.139322e-02 0.000000e+00 0.000000e+00 0.000000e+00 0.000000e+00
    0.000000e+00 0.000000e+00 7.653769e-01 0.000000e+00 0.000000e+00 0.000000e+00 0.000000e+00 0.000000e+00 0.000000e+00 0.000000e+00 0.000000e+00
    0.000000e+00 0.000000e+00 0.000000e+00 0.000000e+00 0.000000e+00 0.000000e+00 0.000000e+00 0.000000e+00 0.000000e+00 0.000000e+00 0.000000e+00
    0.000000e+00 0.000000e+00 0.000000e+00 0.000000e+00 0.000000e+00 0.000000e+00 0.000000e+00 0.000000e+00 0.000000e+00 0.000000e+00 0.000000e+00
    0.000000e+00 0.000000e+00 0.000000e+00 0.000000e+00 0.000000e+00 0.000000e+00 4.050469e-02 0.000000e+00 0.000000e+00 0.000000e+00 1.400185e-01
    0.000000e+00 0.000000e+00 0.000000e+00 0.000000e+00 0.000000e+00 4.315979e-02 0.000000e+00 0.000000e+00 0.000000e+00 0.000000e+00 0.000000e+00
    0.000000e+00 0.000000e+00 0.000000e+00 0.000000e+00 0.000000e+00 0.000000e+00 4.587770e-01 0.000000e+00 0.000000e+00 0.000000e+00 0.000000e+00
    0.000000e+00 4.184042e-01 0.000000e+00 0.000000e+00 0.000000e+00 0.000000e+00 0.000000e+00 0.000000e+00 0.000000e+00 0.000000e+00 0.000000e+00
    0.000000e+00 0.000000e+00 0.000000e+00 0.000000e+00 0.000000e+00 1.150174e-01 1.752601e-01 0.000000e+00 0.000000e+00 0.000000e+00 0.000000e+00
    0.000000e+00 0.000000e+00 0.000000e+00 0.000000e+00 3.420273e-01 0.000000e+00 0.000000e+00 0.000000e+00 0.000000e+00 0.000000e+00 0.000000e+00
    0.000000e+00 0.000000e+00 0.000000e+00]
   [0.000000e+00 0.000000e+00 0.000000e+00 0.000000e+00 0.000000e+00 0.000000e+00 0.000000e+00 7.825218e-02 0.000000e+00 0.000000e+00 0.000000e+00
    0.000000e+00 0.000000e+00 0.000000e+00 0.000000e+00 0.000000e+00 0.000000e+00 0.000000e+00 0.000000e+00 0.000000e+00 0.000000e+00 0.000000e+00
    2.207530e-01 0.000000e+00 0.000000e+00 0.000000e+00 0.000000e+00 0.000000e+00 3.733475e-01 0.000000e+00 0.000000e+00 0.000000e+00 0.000000e+00
    0.000000e+00 0.000000e+00 0.000000e+00 0.000000e+00 0.000000e+00 0.000000e+00 0.000000e+00 0.000000e+00 0.000000e+00 1.944778e-01 0.000000e+00
    0.000000e+00 0.000000e+00 0.000000e+00 0.000000e+00 0.000000e+00 0.000000e+00 0.000000e+00 0.000000e+00 0.000000e+00 0.000000e+00 0.000000e+00
    0.000000e+00 0.000000e+00 0.000000e+00 0.000000e+00 0.000000e+00 0.000000e+00 0.000000e+00 0.000000e+00 0.000000e+00 0.000000e+00 0.000000e+00
    0.000000e+00 0.000000e+00 0.000000e+00 0.000000e+00 4.128629e-02 0.000000e+00 0.000000e+00 0.000000e+00 0.000000e+00 0.000000e+00 0.000000e+00
    0.000000e+00 0.000000e+00 0.000000e+00 0.000000e+00 0.000000e+00 0.000000e+00 0.000000e+00 0.000000e+00 0.000000e+00 0.000000e+00 0.000000e+00
    0.000000e+00 0.000000e+00 0.000000e+00 0.000000e+00 1.521015e-01 0.000000e+00 0.000000e+00 0.000000e+00 0.000000e+00 0.000000e+00 0.000000e+00
    0.000000e+00 0.000000e+00 0.000000e+00 0.000000e+00 0.000000e+00 0.000000e+00 0.000000e+00 0.000000e+00 0.000000e+00 0.000000e+00 0.000000e+00
    0.000000e+00 0.000000e+00 0.000000e+00 0.000000e+00 0.000000e+00 4.749594e-02 0.000000e+00 0.000000e+00 0.000000e+00 0.000000e+00 0.000000e+00
    0.000000e+00 0.000000e+00 0.000000e+00 0.000000e+00 0.000000e+00 0.000000e+00 0.000000e+00 0.000000e+00 0.000000e+00 0.000000e+00 0.000000e+00
    0.000000e+00 0.000000e+00 0.000000e+00 0.000000e+00 0.000000e+00 0.000000e+00 1.670937e-01 0.000000e+00 0.000000e+00 0.000000e+00 0.000000e+00
    0.000000e+00 0.000000e+00 0.000000e+00 0.000000e+00 0.000000e+00 0.000000e+00 8.373412e-02 0.000000e+00 0.000000e+00 0.000000e+00 0.000000e+00
    0.000000e+00 0.000000e+00 7.537018e-01 0.000000e+00 0.000000e+00 0.000000e+00 0.000000e+00 0.000000e+00 0.000000e+00 0.000000e+00 0.000000e+00
    0.000000e+00 0.000000e+00 0.000000e+00 0.000000e+00 0.000000e+00 0.000000e+00 0.000000e+00 0.000000e+00 0.000000e+00 0.000000e+00 0.000000e+00
    0.000000e+00 0.000000e+00 0.000000e+00 0.000000e+00 0.000000e+00 0.000000e+00 0.000000e+00 0.000000e+00 0.000000e+00 0.000000e+00 0.000000e+00
    0.000000e+00 0.000000e+00 0.000000e+00 0.000000e+00 0.000000e+00 0.000000e+00 2.039202e-03 0.000000e+00 0.000000e+00 0.000000e+00 1.498874e-01
    0.000000e+00 0.000000e+00 0.000000e+00 0.000000e+00 0.000000e+00 4.538794e-02 0.000000e+00 0.000000e+00 0.000000e+00 0.000000e+00 0.000000e+00
    0.000000e+00 0.000000e+00 0.000000e+00 0.000000e+00 0.000000e+00 0.000000e+00 4.472569e-01 0.000000e+00 0.000000e+00 0.000000e+00 0.000000e+00
    0.000000e+00 4.000390e-01 0.000000e+00 0.000000e+00 0.000000e+00 0.000000e+00 0.000000e+00 0.000000e+00 0.000000e+00 0.000000e+00 0.000000e+00
    0.000000e+00 0.000000e+00 0.000000e+00 0.000000e+00 0.000000e+00 1.098057e-01 1.452294e-01 0.000000e+00 0.000000e+00 0.000000e+00 0.000000e+00
    0.000000e+00 0.000000e+00 0.000000e+00 0.000000e+00 2.982311e-01 0.000000e+00 0.000000e+00 0.000000e+00 0.000000e+00 0.000000e+00 0.000000e+00
    0.000000e+00 0.000000e+00 0.000000e+00]
   [0.000000e+00 0.000000e+00 0.000000e+00 0.000000e+00 0.000000e+00 0.000000e+00 0.000000e+00 6.871759e-02 0.000000e+00 0.000000e+00 0.000000e+00
    0.000000e+00 0.000000e+00 0.000000e+00 0.000000e+00 0.000000e+00 0.000000e+00 0.000000e+00 0.000000e+00 0.000000e+00 0.000000e+00 0.000000e+00
    2.539009e-01 0.000000e+00 0.000000e+00 0.000000e+00 0.000000e+00 0.000000e+00 3.578309e-01 0.000000e+00 0.000000e+00 0.000000e+00 0.000000e+00
    0.000000e+00 0.000000e+00 0.000000e+00 0.000000e+00 0.000000e+00 0.000000e+00 0.000000e+00 0.000000e+00 0.000000e+00 2.095730e-01 0.000000e+00
    0.000000e+00 0.000000e+00 0.000000e+00 0.000000e+00 0.000000e+00 0.000000e+00 0.000000e+00 0.000000e+00 0.000000e+00 0.000000e+00 0.000000e+00
    0.000000e+00 0.000000e+00 0.000000e+00 0.000000e+00 0.000000e+00 0.000000e+00 0.000000e+00 0.000000e+00 0.000000e+00 0.000000e+00 0.000000e+00
    0.000000e+00 0.000000e+00 0.000000e+00 0.000000e+00 6.139115e-02 0.000000e+00 0.000000e+00 0.000000e+00 0.000000e+00 0.000000e+00 0.000000e+00
    0.000000e+00 0.000000e+00 0.000000e+00 0.000000e+00 0.000000e+00 0.000000e+00 0.000000e+00 0.000000e+00 0.000000e+00 0.000000e+00 0.000000e+00
    0.000000e+00 0.000000e+00 0.000000e+00 0.000000e+00 1.568969e-01 0.000000e+00 0.000000e+00 0.000000e+00 0.000000e+00 0.000000e+00 0.000000e+00
    0.000000e+00 0.000000e+00 0.000000e+00 0.000000e+00 0.000000e+00 0.000000e+00 0.000000e+00 0.000000e+00 0.000000e+00 0.000000e+00 0.000000e+00
    0.000000e+00 0.000000e+00 0.000000e+00 0.000000e+00 0.000000e+00 2.790768e-02 0.000000e+00 0.000000e+00 0.000000e+00 0.000000e+00 0.000000e+00
    0.000000e+00 0.000000e+00 0.000000e+00 0.000000e+00 0.000000e+00 0.000000e+00 0.000000e+00 0.000000e+00 0.000000e+00 0.000000e+00 0.000000e+00
    0.000000e+00 0.000000e+00 0.000000e+00 0.000000e+00 0.000000e+00 0.000000e+00 1.682964e-01 0.000000e+00 0.000000e+00 0.000000e+00 0.000000e+00
    0.000000e+00 0.000000e+00 0.000000e+00 0.000000e+00 0.000000e+00 0.000000e+00 6.787646e-02 0.000000e+00 0.000000e+00 0.000000e+00 0.000000e+00
    0.000000e+00 0.000000e+00 7.352177e-01 0.000000e+00 0.000000e+00 0.000000e+00 0.000000e+00 0.000000e+00 0.000000e+00 0.000000e+00 0.000000e+00
    0.000000e+00 0.000000e+00 0.000000e+00 0.000000e+00 0.000000e+00 0.000000e+00 0.000000e+00 0.000000e+00 0.000000e+00 0.000000e+00 0.000000e+00
    0.000000e+00 0.000000e+00 0.000000e+00 0.000000e+00 0.000000e+00 0.000000e+00 0.000000e+00 0.000000e+00 0.000000e+00 0.000000e+00 0.000000e+00
    0.000000e+00 0.000000e+00 0.000000e+00 0.000000e+00 0.000000e+00 0.000000e+00 6.341413e-04 0.000000e+00 0.000000e+00 0.000000e+00 1.287288e-01
    0.000000e+00 0.000000e+00 0.000000e+00 0.000000e+00 0.000000e+00 2.094636e-02 0.000000e+00 0.000000e+00 0.000000e+00 0.000000e+00 0.000000e+00
    0.000000e+00 0.000000e+00 0.000000e+00 0.000000e+00 0.000000e+00 0.000000e+00 4.711123e-01 0.000000e+00 0.000000e+00 0.000000e+00 0.000000e+00
    0.000000e+00 4.149306e-01 0.000000e+00 0.000000e+00 0.000000e+00 0.000000e+00 0.000000e+00 0.000000e+00 0.000000e+00 0.000000e+00 0.000000e+00
    0.000000e+00 0.000000e+00 0.000000e+00 0.000000e+00 0.000000e+00 8.342724e-02 1.539820e-01 0.000000e+00 0.000000e+00 0.000000e+00 0.000000e+00
    0.000000e+00 0.000000e+00 0.000000e+00 0.000000e+00 3.036797e-01 0.000000e+00 0.000000e+00 0.000000e+00 0.000000e+00 0.000000e+00 0.000000e+00
    0.000000e+00 0.000000e+00 0.000000e+00]
   [0.000000e+00 0.000000e+00 0.000000e+00 0.000000e+00 0.000000e+00 0.000000e+00 2.106618e-02 4.293808e-02 0.000000e+00 0.000000e+00 0.000000e+00
    0.000000e+00 0.000000e+00 0.000000e+00 0.000000e+00 0.000000e+00 0.000000e+00 0.000000e+00 0.000000e+00 0.000000e+00 0.000000e+00 0.000000e+00
    1.865274e-01 0.000000e+00 0.000000e+00 0.000000e+00 0.000000e+00 0.000000e+00 3.896862e-01 0.000000e+00 0.000000e+00 0.000000e+00 0.000000e+00
    0.000000e+00 0.000000e+00 0.000000e+00 0.000000e+00 0.000000e+00 0.000000e+00 0.000000e+00 0.000000e+00 0.000000e+00 2.148258e-01 0.000000e+00
    0.000000e+00 0.000000e+00 0.000000e+00 0.000000e+00 0.000000e+00 0.000000e+00 0.000000e+00 0.000000e+00 0.000000e+00 0.000000e+00 0.000000e+00
    0.000000e+00 3.187004e-03 0.000000e+00 0.000000e+00 0.000000e+00 0.000000e+00 0.000000e+00 0.000000e+00 0.000000e+00 0.000000e+00 0.000000e+00
    0.000000e+00 0.000000e+00 0.000000e+00 0.000000e+00 1.102752e-01 0.000000e+00 0.000000e+00 0.000000e+00 0.000000e+00 0.000000e+00 0.000000e+00
    0.000000e+00 0.000000e+00 0.000000e+00 0.000000e+00 0.000000e+00 0.000000e+00 0.000000e+00 0.000000e+00 0.000000e+00 0.000000e+00 0.000000e+00
    0.000000e+00 0.000000e+00 0.000000e+00 0.000000e+00 1.916417e-01 0.000000e+00 0.000000e+00 0.000000e+00 0.000000e+00 0.000000e+00 0.000000e+00
    0.000000e+00 0.000000e+00 0.000000e+00 0.000000e+00 0.000000e+00 0.000000e+00 7.526501e-02 0.000000e+00 0.000000e+00 0.000000e+00 0.000000e+00
    0.000000e+00 0.000000e+00 0.000000e+00 0.000000e+00 0.000000e+00 4.493930e-02 0.000000e+00 0.000000e+00 0.000000e+00 0.000000e+00 0.000000e+00
    0.000000e+00 0.000000e+00 0.000000e+00 0.000000e+00 0.000000e+00 0.000000e+00 0.000000e+00 0.000000e+00 0.000000e+00 0.000000e+00 0.000000e+00
    0.000000e+00 0.000000e+00 0.000000e+00 0.000000e+00 0.000000e+00 0.000000e+00 1.156850e-01 0.000000e+00 0.000000e+00 0.000000e+00 0.000000e+00
    0.000000e+00 0.000000e+00 0.000000e+00 0.000000e+00 0.000000e+00 0.000000e+00 8.051111e-02 0.000000e+00 0.000000e+00 0.000000e+00 0.000000e+00
    1.329188e-02 0.000000e+00 6.949911e-01 0.000000e+00 0.000000e+00 0.000000e+00 0.000000e+00 0.000000e+00 0.000000e+00 0.000000e+00 0.000000e+00
    0.000000e+00 0.000000e+00 0.000000e+00 0.000000e+00 0.000000e+00 0.000000e+00 0.000000e+00 0.000000e+00 0.000000e+00 0.000000e+00 0.000000e+00
    0.000000e+00 0.000000e+00 0.000000e+00 0.000000e+00 0.000000e+00 0.000000e+00 0.000000e+00 0.000000e+00 0.000000e+00 0.000000e+00 0.000000e+00
    0.000000e+00 0.000000e+00 0.000000e+00 0.000000e+00 0.000000e+00 0.000000e+00 1.120877e-01 0.000000e+00 0.000000e+00 0.000000e+00 6.779059e-02
    0.000000e+00 0.000000e+00 0.000000e+00 0.000000e+00 0.000000e+00 3.335520e-02 0.000000e+00 0.000000e+00 0.000000e+00 0.000000e+00 0.000000e+00
    0.000000e+00 0.000000e+00 0.000000e+00 0.000000e+00 0.000000e+00 0.000000e+00 4.433538e-01 0.000000e+00 0.000000e+00 0.000000e+00 0.000000e+00
    0.000000e+00 4.353120e-01 0.000000e+00 0.000000e+00 0.000000e+00 0.000000e+00 0.000000e+00 0.000000e+00 0.000000e+00 0.000000e+00 0.000000e+00
    0.000000e+00 0.000000e+00 0.000000e+00 0.000000e+00 0.000000e+00 7.293988e-02 1.513456e-01 0.000000e+00 0.000000e+00 0.000000e+00 0.000000e+00
    0.000000e+00 0.000000e+00 0.000000e+00 0.000000e+00 3.221291e-01 0.000000e+00 0.000000e+00 0.000000e+00 0.000000e+00 0.000000e+00 0.000000e+00
    0.000000e+00 0.000000e+00 0.000000e+00]]

  [[0.000000e+00 0.000000e+00 0.000000e+00 0.000000e+00 0.000000e+00 0.000000e+00 7.700675e-03 9.454773e-02 0.000000e+00 0.000000e+00 0.000000e+00
    0.000000e+00 0.000000e+00 0.000000e+00 0.000000e+00 0.000000e+00 0.000000e+00 0.000000e+00 0.000000e+00 0.000000e+00 0.000000e+00 0.000000e+00
    2.245627e-01 0.000000e+00 0.000000e+00 0.000000e+00 0.000000e+00 0.000000e+00 3.994525e-01 0.000000e+00 0.000000e+00 5.260333e-02 0.000000e+00
    0.000000e+00 0.000000e+00 0.000000e+00 0.000000e+00 0.000000e+00 0.000000e+00 0.000000e+00 0.000000e+00 0.000000e+00 3.018664e-01 0.000000e+00
    0.000000e+00 0.000000e+00 0.000000e+00 0.000000e+00 0.000000e+00 0.000000e+00 0.000000e+00 0.000000e+00 0.000000e+00 0.000000e+00 0.000000e+00
    0.000000e+00 0.000000e+00 0.000000e+00 0.000000e+00 0.000000e+00 0.000000e+00 0.000000e+00 0.000000e+00 0.000000e+00 0.000000e+00 0.000000e+00
    0.000000e+00 0.000000e+00 0.000000e+00 0.000000e+00 1.131256e-01 0.000000e+00 0.000000e+00 0.000000e+00 0.000000e+00 0.000000e+00 0.000000e+00
    0.000000e+00 0.000000e+00 0.000000e+00 0.000000e+00 0.000000e+00 0.000000e+00 0.000000e+00 0.000000e+00 0.000000e+00 0.000000e+00 0.000000e+00
    0.000000e+00 0.000000e+00 0.000000e+00 0.000000e+00 2.210639e-01 0.000000e+00 0.000000e+00 0.000000e+00 0.000000e+00 0.000000e+00 0.000000e+00
    0.000000e+00 0.000000e+00 0.000000e+00 0.000000e+00 0.000000e+00 0.000000e+00 1.238146e-02 0.000000e+00 0.000000e+00 0.000000e+00 0.000000e+00
    0.000000e+00 0.000000e+00 0.000000e+00 0.000000e+00 0.000000e+00 5.359998e-02 0.000000e+00 0.000000e+00 0.000000e+00 0.000000e+00 0.000000e+00
    0.000000e+00 0.000000e+00 0.000000e+00 0.000000e+00 0.000000e+00 0.000000e+00 0.000000e+00 0.000000e+00 0.000000e+00 0.000000e+00 0.000000e+00
    0.000000e+00 0.000000e+00 0.000000e+00 0.000000e+00 0.000000e+00 0.000000e+00 1.455266e-01 0.000000e+00 0.000000e+00 0.000000e+00 0.000000e+00
    0.000000e+00 0.000000e+00 0.000000e+00 0.000000e+00 0.000000e+00 0.000000e+00 7.143252e-02 0.000000e+00 0.000000e+00 0.000000e+00 0.000000e+00
    0.000000e+00 0.000000e+00 6.690407e-01 0.000000e+00 0.000000e+00 0.000000e+00 0.000000e+00 0.000000e+00 0.000000e+00 0.000000e+00 0.000000e+00
    0.000000e+00 0.000000e+00 0.000000e+00 0.000000e+00 0.000000e+00 0.000000e+00 0.000000e+00 0.000000e+00 0.000000e+00 0.000000e+00 0.000000e+00
    0.000000e+00 0.000000e+00 0.000000e+00 0.000000e+00 0.000000e+00 0.000000e+00 0.000000e+00 0.000000e+00 0.000000e+00 0.000000e+00 0.000000e+00
    0.000000e+00 0.000000e+00 0.000000e+00 0.000000e+00 0.000000e+00 0.000000e+00 1.060630e-02 0.000000e+00 0.000000e+00 0.000000e+00 1.316955e-01
    0.000000e+00 0.000000e+00 0.000000e+00 0.000000e+00 0.000000e+00 5.450714e-02 0.000000e+00 0.000000e+00 0.000000e+00 0.000000e+00 0.000000e+00
    0.000000e+00 0.000000e+00 0.000000e+00 0.000000e+00 0.000000e+00 0.000000e+00 4.614950e-01 0.000000e+00 0.000000e+00 0.000000e+00 0.000000e+00
    0.000000e+00 4.241201e-01 0.000000e+00 0.000000e+00 0.000000e+00 0.000000e+00 0.000000e+00 0.000000e+00 0.000000e+00 0.000000e+00 0.000000e+00
    0.000000e+00 0.000000e+00 0.000000e+00 0.000000e+00 0.000000e+00 1.005236e-01 2.022196e-01 0.000000e+00 0.000000e+00 0.000000e+00 0.000000e+00
    0.000000e+00 0.000000e+00 0.000000e+00 0.000000e+00 3.781530e-01 0.000000e+00 0.000000e+00 0.000000e+00 0.000000e+00 0.000000e+00 0.000000e+00
    0.000000e+00 0.000000e+00 0.000000e+00]
   [0.000000e+00 0.000000e+00 0.000000e+00 0.000000e+00 0.000000e+00 0.000000e+00 0.000000e+00 1.274619e-01 0.000000e+00 0.000000e+00 0.000000e+00
    0.000000e+00 0.000000e+00 0.000000e+00 0.000000e+00 0.000000e+00 0.000000e+00 0.000000e+00 0.000000e+00 0.000000e+00 0.000000e+00 0.000000e+00
    2.395916e-01 0.000000e+00 0.000000e+00 0.000000e+00 0.000000e+00 0.000000e+00 3.630269e-01 0.000000e+00 0.000000e+00 6.510568e-02 0.000000e+00
    0.000000e+00 0.000000e+00 0.000000e+00 0.000000e+00 0.000000e+00 0.000000e+00 0.000000e+00 0.000000e+00 0.000000e+00 3.087501e-01 0.000000e+00
    0.000000e+00 0.000000e+00 0.000000e+00 0.000000e+00 0.000000e+00 0.000000e+00 0.000000e+00 0.000000e+00 0.000000e+00 0.000000e+00 0.000000e+00
    0.000000e+00 0.000000e+00 0.000000e+00 0.000000e+00 0.000000e+00 0.000000e+00 0.000000e+00 0.000000e+00 0.000000e+00 0.000000e+00 0.000000e+00
    0.000000e+00 0.000000e+00 0.000000e+00 0.000000e+00 4.867462e-02 0.000000e+00 0.000000e+00 0.000000e+00 0.000000e+00 0.000000e+00 0.000000e+00
    0.000000e+00 0.000000e+00 0.000000e+00 0.000000e+00 0.000000e+00 0.000000e+00 0.000000e+00 0.000000e+00 0.000000e+00 0.000000e+00 0.000000e+00
    0.000000e+00 0.000000e+00 0.000000e+00 0.000000e+00 1.423385e-01 0.000000e+00 0.000000e+00 0.000000e+00 0.000000e+00 0.000000e+00 0.000000e+00
    0.000000e+00 0.000000e+00 0.000000e+00 0.000000e+00 0.000000e+00 0.000000e+00 0.000000e+00 0.000000e+00 0.000000e+00 0.000000e+00 0.000000e+00
    0.000000e+00 0.000000e+00 0.000000e+00 0.000000e+00 0.000000e+00 3.345582e-02 0.000000e+00 0.000000e+00 0.000000e+00 0.000000e+00 0.000000e+00
    0.000000e+00 0.000000e+00 0.000000e+00 0.000000e+00 0.000000e+00 0.000000e+00 0.000000e+00 0.000000e+00 0.000000e+00 0.000000e+00 0.000000e+00
    0.000000e+00 0.000000e+00 0.000000e+00 0.000000e+00 0.000000e+00 0.000000e+00 1.817142e-01 0.000000e+00 0.000000e+00 0.000000e+00 0.000000e+00
    0.000000e+00 0.000000e+00 0.000000e+00 0.000000e+00 0.000000e+00 0.000000e+00 7.987979e-02 0.000000e+00 0.000000e+00 0.000000e+00 0.000000e+00
    0.000000e+00 0.000000e+00 7.774019e-01 0.000000e+00 0.000000e+00 0.000000e+00 0.000000e+00 0.000000e+00 0.000000e+00 0.000000e+00 0.000000e+00
    0.000000e+00 0.000000e+00 0.000000e+00 0.000000e+00 0.000000e+00 0.000000e+00 0.000000e+00 0.000000e+00 0.000000e+00 0.000000e+00 0.000000e+00
    0.000000e+00 0.000000e+00 0.000000e+00 0.000000e+00 0.000000e+00 0.000000e+00 0.000000e+00 0.000000e+00 0.000000e+00 0.000000e+00 0.000000e+00
    0.000000e+00 0.000000e+00 0.000000e+00 0.000000e+00 0.000000e+00 0.000000e+00 0.000000e+00 0.000000e+00 0.000000e+00 0.000000e+00 1.392224e-01
    0.000000e+00 0.000000e+00 0.000000e+00 0.000000e+00 0.000000e+00 4.560260e-02 0.000000e+00 0.000000e+00 0.000000e+00 0.000000e+00 0.000000e+00
    0.000000e+00 0.000000e+00 0.000000e+00 0.000000e+00 0.000000e+00 0.000000e+00 5.124863e-01 0.000000e+00 0.000000e+00 0.000000e+00 0.000000e+00
    0.000000e+00 4.236991e-01 0.000000e+00 0.000000e+00 0.000000e+00 0.000000e+00 0.000000e+00 0.000000e+00 0.000000e+00 0.000000e+00 0.000000e+00
    0.000000e+00 0.000000e+00 0.000000e+00 0.000000e+00 0.000000e+00 8.275430e-02 2.134503e-01 0.000000e+00 0.000000e+00 0.000000e+00 0.000000e+00
    0.000000e+00 0.000000e+00 0.000000e+00 0.000000e+00 3.379284e-01 0.000000e+00 0.000000e+00 0.000000e+00 0.000000e+00 0.000000e+00 0.000000e+00
    0.000000e+00 0.000000e+00 0.000000e+00]
   [0.000000e+00 0.000000e+00 0.000000e+00 0.000000e+00 0.000000e+00 0.000000e+00 0.000000e+00 4.577821e-02 0.000000e+00 0.000000e+00 0.000000e+00
    0.000000e+00 0.000000e+00 0.000000e+00 0.000000e+00 0.000000e+00 0.000000e+00 0.000000e+00 0.000000e+00 0.000000e+00 0.000000e+00 0.000000e+00
    2.513739e-01 0.000000e+00 0.000000e+00 0.000000e+00 0.000000e+00 0.000000e+00 3.630003e-01 0.000000e+00 0.000000e+00 0.000000e+00 0.000000e+00
    0.000000e+00 0.000000e+00 0.000000e+00 0.000000e+00 0.000000e+00 0.000000e+00 0.000000e+00 0.000000e+00 0.000000e+00 1.698713e-01 0.000000e+00
    0.000000e+00 0.000000e+00 0.000000e+00 0.000000e+00 0.000000e+00 0.000000e+00 0.000000e+00 0.000000e+00 0.000000e+00 0.000000e+00 0.000000e+00
    0.000000e+00 0.000000e+00 0.000000e+00 0.000000e+00 0.000000e+00 0.000000e+00 0.000000e+00 0.000000e+00 0.000000e+00 0.000000e+00 0.000000e+00
    0.000000e+00 0.000000e+00 0.000000e+00 0.000000e+00 6.183431e-02 0.000000e+00 0.000000e+00 0.000000e+00 0.000000e+00 0.000000e+00 0.000000e+00
    0.000000e+00 0.000000e+00 0.000000e+00 0.000000e+00 0.000000e+00 0.000000e+00 0.000000e+00 0.000000e+00 0.000000e+00 0.000000e+00 0.000000e+00
    0.000000e+00 0.000000e+00 0.000000e+00 0.000000e+00 1.705771e-01 0.000000e+00 0.000000e+00 0.000000e+00 0.000000e+00 0.000000e+00 0.000000e+00
    0.000000e+00 0.000000e+00 0.000000e+00 0.000000e+00 0.000000e+00 0.000000e+00 0.000000e+00 0.000000e+00 0.000000e+00 0.000000e+00 0.000000e+00
    0.000000e+00 0.000000e+00 0.000000e+00 0.000000e+00 0.000000e+00 3.378787e-02 0.000000e+00 0.000000e+00 0.000000e+00 0.000000e+00 0.000000e+00
    0.000000e+00 0.000000e+00 0.000000e+00 0.000000e+00 0.000000e+00 0.000000e+00 0.000000e+00 0.000000e+00 0.000000e+00 0.000000e+00 0.000000e+00
    0.000000e+00 0.000000e+00 0.000000e+00 0.000000e+00 0.000000e+00 0.000000e+00 1.851469e-01 0.000000e+00 0.000000e+00 0.000000e+00 0.000000e+00
    0.000000e+00 0.000000e+00 0.000000e+00 0.000000e+00 0.000000e+00 0.000000e+00 8.122230e-02 0.000000e+00 0.000000e+00 0.000000e+00 0.000000e+00
    0.000000e+00 0.000000e+00 7.850747e-01 0.000000e+00 0.000000e+00 0.000000e+00 0.000000e+00 0.000000e+00 0.000000e+00 0.000000e+00 0.000000e+00
    0.000000e+00 0.000000e+00 0.000000e+00 0.000000e+00 0.000000e+00 0.000000e+00 0.000000e+00 0.000000e+00 0.000000e+00 0.000000e+00 0.000000e+00
    0.000000e+00 0.000000e+00 0.000000e+00 0.000000e+00 0.000000e+00 0.000000e+00 0.000000e+00 0.000000e+00 0.000000e+00 0.000000e+00 0.000000e+00
    0.000000e+00 0.000000e+00 0.000000e+00 0.000000e+00 0.000000e+00 0.000000e+00 0.000000e+00 0.000000e+00 0.000000e+00 0.000000e+00 1.168617e-01
    0.000000e+00 0.000000e+00 0.000000e+00 0.000000e+00 0.000000e+00 5.804562e-02 0.000000e+00 0.000000e+00 0.000000e+00 0.000000e+00 0.000000e+00
    0.000000e+00 0.000000e+00 0.000000e+00 0.000000e+00 0.000000e+00 0.000000e+00 4.872034e-01 0.000000e+00 0.000000e+00 0.000000e+00 0.000000e+00
    0.000000e+00 4.068044e-01 0.000000e+00 0.000000e+00 0.000000e+00 0.000000e+00 0.000000e+00 0.000000e+00 0.000000e+00 0.000000e+00 0.000000e+00
    0.000000e+00 0.000000e+00 0.000000e+00 0.000000e+00 0.000000e+00 1.100029e-01 1.340448e-01 0.000000e+00 0.000000e+00 0.000000e+00 0.000000e+00
    0.000000e+00 0.000000e+00 0.000000e+00 0.000000e+00 2.685481e-01 0.000000e+00 0.000000e+00 0.000000e+00 0.000000e+00 0.000000e+00 0.000000e+00
    0.000000e+00 0.000000e+00 0.000000e+00]
   [0.000000e+00 0.000000e+00 0.000000e+00 0.000000e+00 0.000000e+00 0.000000e+00 0.000000e+00 5.997087e-02 0.000000e+00 0.000000e+00 0.000000e+00
    0.000000e+00 0.000000e+00 0.000000e+00 0.000000e+00 0.000000e+00 0.000000e+00 0.000000e+00 0.000000e+00 0.000000e+00 0.000000e+00 0.000000e+00
    2.209709e-01 0.000000e+00 0.000000e+00 0.000000e+00 0.000000e+00 0.000000e+00 3.656675e-01 0.000000e+00 0.000000e+00 1.845227e-02 0.000000e+00
    0.000000e+00 0.000000e+00 0.000000e+00 0.000000e+00 0.000000e+00 0.000000e+00 0.000000e+00 0.000000e+00 0.000000e+00 2.221875e-01 0.000000e+00
    0.000000e+00 0.000000e+00 0.000000e+00 0.000000e+00 0.000000e+00 0.000000e+00 0.000000e+00 0.000000e+00 0.000000e+00 0.000000e+00 0.000000e+00
    0.000000e+00 0.000000e+00 0.000000e+00 0.000000e+00 0.000000e+00 0.000000e+00 0.000000e+00 0.000000e+00 0.000000e+00 0.000000e+00 0.000000e+00
    0.000000e+00 0.000000e+00 0.000000e+00 0.000000e+00 8.929554e-02 0.000000e+00 0.000000e+00 0.000000e+00 0.000000e+00 0.000000e+00 0.000000e+00
    0.000000e+00 0.000000e+00 0.000000e+00 0.000000e+00 0.000000e+00 0.000000e+00 0.000000e+00 0.000000e+00 0.000000e+00 0.000000e+00 0.000000e+00
    0.000000e+00 0.000000e+00 0.000000e+00 0.000000e+00 1.936495e-01 0.000000e+00 0.000000e+00 0.000000e+00 0.000000e+00 0.000000e+00 0.000000e+00
    0.000000e+00 0.000000e+00 0.000000e+00 0.000000e+00 0.000000e+00 0.000000e+00 0.000000e+00 0.000000e+00 0.000000e+00 0.000000e+00 0.000000e+00
    0.000000e+00 0.000000e+00 0.000000e+00 0.000000e+00 0.000000e+00 4.898435e-02 0.000000e+00 0.000000e+00 0.000000e+00 0.000000e+00 0.000000e+00
    0.000000e+00 0.000000e+00 0.000000e+00 0.000000e+00 0.000000e+00 0.000000e+00 0.000000e+00 0.000000e+00 0.000000e+00 0.000000e+00 0.000000e+00
    0.000000e+00 0.000000e+00 0.000000e+00 0.000000e+00 0.000000e+00 0.000000e+00 1.235967e-01 0.000000e+00 0.000000e+00 0.000000e+00 0.000000e+00
    0.000000e+00 0.000000e+00 0.000000e+00 0.000000e+00 0.000000e+00 0.000000e+00 9.603201e-02 0.000000e+00 0.000000e+00 0.000000e+00 0.000000e+00
    0.000000e+00 0.000000e+00 7.069060e-01 0.000000e+00 0.000000e+00 0.000000e+00 0.000000e+00 0.000000e+00 0.000000e+00 0.000000e+00 0.000000e+00
    0.000000e+00 0.000000e+00 0.000000e+00 0.000000e+00 0.000000e+00 0.000000e+00 0.000000e+00 0.000000e+00 0.000000e+00 0.000000e+00 0.000000e+00
    0.000000e+00 0.000000e+00 0.000000e+00 0.000000e+00 0.000000e+00 0.000000e+00 0.000000e+00 0.000000e+00 0.000000e+00 0.000000e+00 0.000000e+00
    0.000000e+00 0.000000e+00 0.000000e+00 0.000000e+00 0.000000e+00 0.000000e+00 0.000000e+00 0.000000e+00 0.000000e+00 0.000000e+00 1.273318e-01
    0.000000e+00 0.000000e+00 0.000000e+00 0.000000e+00 0.000000e+00 4.031833e-02 0.000000e+00 0.000000e+00 0.000000e+00 0.000000e+00 0.000000e+00
    0.000000e+00 0.000000e+00 0.000000e+00 0.000000e+00 0.000000e+00 0.000000e+00 4.281889e-01 0.000000e+00 0.000000e+00 0.000000e+00 0.000000e+00
    0.000000e+00 4.149612e-01 0.000000e+00 0.000000e+00 0.000000e+00 0.000000e+00 0.000000e+00 0.000000e+00 0.000000e+00 0.000000e+00 0.000000e+00
    0.000000e+00 0.000000e+00 0.000000e+00 0.000000e+00 0.000000e+00 9.807683e-02 1.713454e-01 0.000000e+00 0.000000e+00 0.000000e+00 0.000000e+00
    0.000000e+00 0.000000e+00 0.000000e+00 0.000000e+00 3.335132e-01 0.000000e+00 0.000000e+00 0.000000e+00 0.000000e+00 0.000000e+00 0.000000e+00
    0.000000e+00 0.000000e+00 0.000000e+00]]

  [[0.000000e+00 0.000000e+00 0.000000e+00 0.000000e+00 0.000000e+00 0.000000e+00 2.519886e-03 9.534574e-02 0.000000e+00 0.000000e+00 0.000000e+00
    0.000000e+00 0.000000e+00 0.000000e+00 0.000000e+00 0.000000e+00 0.000000e+00 0.000000e+00 0.000000e+00 0.000000e+00 0.000000e+00 0.000000e+00
    2.177187e-01 0.000000e+00 0.000000e+00 0.000000e+00 0.000000e+00 0.000000e+00 3.440100e-01 0.000000e+00 0.000000e+00 2.281021e-02 0.000000e+00
    0.000000e+00 0.000000e+00 0.000000e+00 0.000000e+00 0.000000e+00 0.000000e+00 0.000000e+00 0.000000e+00 0.000000e+00 2.679176e-01 0.000000e+00
    0.000000e+00 0.000000e+00 0.000000e+00 0.000000e+00 0.000000e+00 0.000000e+00 0.000000e+00 0.000000e+00 0.000000e+00 0.000000e+00 0.000000e+00
    0.000000e+00 0.000000e+00 0.000000e+00 0.000000e+00 0.000000e+00 0.000000e+00 0.000000e+00 0.000000e+00 0.000000e+00 0.000000e+00 0.000000e+00
    0.000000e+00 0.000000e+00 0.000000e+00 0.000000e+00 1.003626e-01 0.000000e+00 0.000000e+00 0.000000e+00 0.000000e+00 0.000000e+00 0.000000e+00
    0.000000e+00 0.000000e+00 0.000000e+00 0.000000e+00 0.000000e+00 0.000000e+00 0.000000e+00 0.000000e+00 0.000000e+00 0.000000e+00 0.000000e+00
    0.000000e+00 0.000000e+00 0.000000e+00 0.000000e+00 1.679499e-01 0.000000e+00 0.000000e+00 0.000000e+00 0.000000e+00 0.000000e+00 0.000000e+00
    0.000000e+00 0.000000e+00 0.000000e+00 0.000000e+00 0.000000e+00 0.000000e+00 2.870116e-02 0.000000e+00 0.000000e+00 0.000000e+00 0.000000e+00
    0.000000e+00 0.000000e+00 0.000000e+00 0.000000e+00 0.000000e+00 7.355406e-02 0.000000e+00 0.000000e+00 0.000000e+00 0.000000e+00 0.000000e+00
    0.000000e+00 0.000000e+00 0.000000e+00 0.000000e+00 0.000000e+00 0.000000e+00 0.000000e+00 0.000000e+00 0.000000e+00 0.000000e+00 0.000000e+00
    0.000000e+00 0.000000e+00 0.000000e+00 0.000000e+00 0.000000e+00 0.000000e+00 1.126596e-01 0.000000e+00 0.000000e+00 0.000000e+00 0.000000e+00
    0.000000e+00 0.000000e+00 0.000000e+00 0.000000e+00 0.000000e+00 0.000000e+00 4.922001e-02 0.000000e+00 0.000000e+00 0.000000e+00 0.000000e+00
    0.000000e+00 0.000000e+00 6.926073e-01 0.000000e+00 0.000000e+00 0.000000e+00 0.000000e+00 0.000000e+00 0.000000e+00 0.000000e+00 0.000000e+00
    0.000000e+00 0.000000e+00 0.000000e+00 0.000000e+00 0.000000e+00 0.000000e+00 0.000000e+00 0.000000e+00 0.000000e+00 0.000000e+00 0.000000e+00
    0.000000e+00 0.000000e+00 0.000000e+00 0.000000e+00 0.000000e+00 0.000000e+00 0.000000e+00 0.000000e+00 0.000000e+00 0.000000e+00 0.000000e+00
    0.000000e+00 0.000000e+00 0.000000e+00 0.000000e+00 0.000000e+00 0.000000e+00 0.000000e+00 0.000000e+00 0.000000e+00 0.000000e+00 9.605940e-02
    0.000000e+00 0.000000e+00 0.000000e+00 0.000000e+00 0.000000e+00 5.814625e-02 0.000000e+00 0.000000e+00 0.000000e+00 0.000000e+00 0.000000e+00
    0.000000e+00 0.000000e+00 0.000000e+00 0.000000e+00 0.000000e+00 0.000000e+00 4.762143e-01 0.000000e+00 0.000000e+00 0.000000e+00 0.000000e+00
    0.000000e+00 4.280155e-01 0.000000e+00 0.000000e+00 0.000000e+00 0.000000e+00 0.000000e+00 0.000000e+00 0.000000e+00 0.000000e+00 0.000000e+00
    0.000000e+00 0.000000e+00 0.000000e+00 0.000000e+00 0.000000e+00 9.356867e-02 1.889763e-01 0.000000e+00 0.000000e+00 0.000000e+00 0.000000e+00
    0.000000e+00 0.000000e+00 0.000000e+00 0.000000e+00 3.348304e-01 0.000000e+00 0.000000e+00 0.000000e+00 0.000000e+00 0.000000e+00 0.000000e+00
    0.000000e+00 0.000000e+00 0.000000e+00]
   [0.000000e+00 0.000000e+00 0.000000e+00 0.000000e+00 0.000000e+00 0.000000e+00 7.809819e-03 1.043434e-01 0.000000e+00 0.000000e+00 0.000000e+00
    0.000000e+00 0.000000e+00 0.000000e+00 0.000000e+00 0.000000e+00 0.000000e+00 0.000000e+00 0.000000e+00 0.000000e+00 0.000000e+00 0.000000e+00
    1.926345e-01 0.000000e+00 0.000000e+00 0.000000e+00 0.000000e+00 0.000000e+00 3.409607e-01 0.000000e+00 0.000000e+00 2.351356e-02 0.000000e+00
    0.000000e+00 0.000000e+00 0.000000e+00 0.000000e+00 0.000000e+00 0.000000e+00 0.000000e+00 0.000000e+00 0.000000e+00 2.591159e-01 0.000000e+00
    0.000000e+00 0.000000e+00 0.000000e+00 0.000000e+00 0.000000e+00 0.000000e+00 0.000000e+00 0.000000e+00 0.000000e+00 0.000000e+00 0.000000e+00
    0.000000e+00 0.000000e+00 0.000000e+00 0.000000e+00 0.000000e+00 0.000000e+00 0.000000e+00 0.000000e+00 0.000000e+00 0.000000e+00 0.000000e+00
    0.000000e+00 0.000000e+00 0.000000e+00 0.000000e+00 7.538459e-02 0.000000e+00 0.000000e+00 0.000000e+00 0.000000e+00 0.000000e+00 0.000000e+00
    0.000000e+00 0.000000e+00 0.000000e+00 0.000000e+00 0.000000e+00 0.000000e+00 0.000000e+00 0.000000e+00 0.000000e+00 0.000000e+00 0.000000e+00
    0.000000e+00 0.000000e+00 0.000000e+00 0.000000e+00 1.702497e-01 0.000000e+00 0.000000e+00 0.000000e+00 0.000000e+00 0.000000e+00 0.000000e+00
    0.000000e+00 0.000000e+00 0.000000e+00 0.000000e+00 0.000000e+00 0.000000e+00 1.583335e-02 0.000000e+00 0.000000e+00 0.000000e+00 0.000000e+00
    0.000000e+00 0.000000e+00 0.000000e+00 0.000000e+00 0.000000e+00 4.396648e-02 0.000000e+00 0.000000e+00 0.000000e+00 0.000000e+00 0.000000e+00
    0.000000e+00 0.000000e+00 0.000000e+00 0.000000e+00 0.000000e+00 0.000000e+00 0.000000e+00 0.000000e+00 0.000000e+00 0.000000e+00 0.000000e+00
    0.000000e+00 0.000000e+00 0.000000e+00 0.000000e+00 0.000000e+00 0.000000e+00 1.720637e-01 0.000000e+00 0.000000e+00 0.000000e+00 0.000000e+00
    0.000000e+00 0.000000e+00 0.000000e+00 0.000000e+00 0.000000e+00 0.000000e+00 7.315182e-02 0.000000e+00 0.000000e+00 0.000000e+00 0.000000e+00
    0.000000e+00 0.000000e+00 7.545270e-01 0.000000e+00 0.000000e+00 0.000000e+00 0.000000e+00 0.000000e+00 0.000000e+00 0.000000e+00 0.000000e+00
    0.000000e+00 0.000000e+00 0.000000e+00 0.000000e+00 0.000000e+00 0.000000e+00 0.000000e+00 0.000000e+00 0.000000e+00 0.000000e+00 0.000000e+00
    0.000000e+00 0.000000e+00 0.000000e+00 0.000000e+00 0.000000e+00 0.000000e+00 0.000000e+00 0.000000e+00 0.000000e+00 0.000000e+00 0.000000e+00
    0.000000e+00 0.000000e+00 0.000000e+00 0.000000e+00 0.000000e+00 0.000000e+00 1.248609e-02 0.000000e+00 0.000000e+00 0.000000e+00 1.164571e-01
    0.000000e+00 0.000000e+00 0.000000e+00 0.000000e+00 0.000000e+00 5.222156e-02 0.000000e+00 0.000000e+00 0.000000e+00 0.000000e+00 0.000000e+00
    0.000000e+00 0.000000e+00 0.000000e+00 0.000000e+00 0.000000e+00 0.000000e+00 4.849433e-01 0.000000e+00 0.000000e+00 0.000000e+00 0.000000e+00
    0.000000e+00 4.159910e-01 0.000000e+00 0.000000e+00 0.000000e+00 0.000000e+00 0.000000e+00 0.000000e+00 0.000000e+00 0.000000e+00 0.000000e+00
    0.000000e+00 0.000000e+00 0.000000e+00 0.000000e+00 0.000000e+00 1.028001e-01 1.882288e-01 0.000000e+00 0.000000e+00 0.000000e+00 0.000000e+00
    0.000000e+00 0.000000e+00 0.000000e+00 0.000000e+00 2.937993e-01 0.000000e+00 0.000000e+00 0.000000e+00 0.000000e+00 0.000000e+00 0.000000e+00
    0.000000e+00 0.000000e+00 0.000000e+00]
   [0.000000e+00 0.000000e+00 0.000000e+00 0.000000e+00 0.000000e+00 0.000000e+00 0.000000e+00 2.962702e-02 0.000000e+00 0.000000e+00 0.000000e+00
    0.000000e+00 0.000000e+00 0.000000e+00 0.000000e+00 0.000000e+00 0.000000e+00 0.000000e+00 0.000000e+00 0.000000e+00 0.000000e+00 0.000000e+00
    2.056387e-01 0.000000e+00 0.000000e+00 0.000000e+00 0.000000e+00 0.000000e+00 3.650047e-01 0.000000e+00 0.000000e+00 0.000000e+00 0.000000e+00
    0.000000e+00 0.000000e+00 0.000000e+00 0.000000e+00 0.000000e+00 0.000000e+00 0.000000e+00 0.000000e+00 0.000000e+00 2.388090e-01 0.000000e+00
    0.000000e+00 0.000000e+00 0.000000e+00 0.000000e+00 0.000000e+00 0.000000e+00 0.000000e+00 0.000000e+00 0.000000e+00 0.000000e+00 0.000000e+00
    0.000000e+00 0.000000e+00 0.000000e+00 0.000000e+00 0.000000e+00 0.000000e+00 0.000000e+00 0.000000e+00 0.000000e+00 0.000000e+00 0.000000e+00
    0.000000e+00 0.000000e+00 0.000000e+00 0.000000e+00 7.252275e-02 0.000000e+00 0.000000e+00 0.000000e+00 0.000000e+00 0.000000e+00 0.000000e+00
    0.000000e+00 0.000000e+00 0.000000e+00 0.000000e+00 0.000000e+00 0.000000e+00 0.000000e+00 0.000000e+00 0.000000e+00 0.000000e+00 0.000000e+00
    0.000000e+00 0.000000e+00 0.000000e+00 0.000000e+00 1.763283e-01 0.000000e+00 0.000000e+00 0.000000e+00 0.000000e+00 0.000000e+00 0.000000e+00
    0.000000e+00 0.000000e+00 0.000000e+00 0.000000e+00 0.000000e+00 0.000000e+00 2.233840e-02 0.000000e+00 0.000000e+00 0.000000e+00 0.000000e+00
    0.000000e+00 0.000000e+00 0.000000e+00 0.000000e+00 0.000000e+00 5.483764e-02 0.000000e+00 0.000000e+00 0.000000e+00 0.000000e+00 0.000000e+00
    0.000000e+00 0.000000e+00 0.000000e+00 0.000000e+00 0.000000e+00 0.000000e+00 0.000000e+00 0.000000e+00 0.000000e+00 0.000000e+00 0.000000e+00
    0.000000e+00 0.000000e+00 0.000000e+00 0.000000e+00 0.000000e+00 0.000000e+00 1.823695e-01 0.000000e+00 0.000000e+00 0.000000e+00 0.000000e+00
    0.000000e+00 0.000000e+00 0.000000e+00 0.000000e+00 0.000000e+00 0.000000e+00 7.190099e-02 0.000000e+00 0.000000e+00 0.000000e+00 0.000000e+00
    0.000000e+00 0.000000e+00 7.589236e-01 0.000000e+00 0.000000e+00 0.000000e+00 0.000000e+00 0.000000e+00 0.000000e+00 0.000000e+00 0.000000e+00
    0.000000e+00 0.000000e+00 0.000000e+00 0.000000e+00 0.000000e+00 0.000000e+00 0.000000e+00 0.000000e+00 0.000000e+00 0.000000e+00 0.000000e+00
    0.000000e+00 0.000000e+00 0.000000e+00 0.000000e+00 0.000000e+00 0.000000e+00 0.000000e+00 0.000000e+00 0.000000e+00 0.000000e+00 0.000000e+00
    0.000000e+00 0.000000e+00 0.000000e+00 0.000000e+00 0.000000e+00 0.000000e+00 1.329670e-02 0.000000e+00 0.000000e+00 0.000000e+00 1.159047e-01
    0.000000e+00 0.000000e+00 0.000000e+00 0.000000e+00 0.000000e+00 5.673169e-02 0.000000e+00 0.000000e+00 0.000000e+00 0.000000e+00 0.000000e+00
    0.000000e+00 0.000000e+00 0.000000e+00 0.000000e+00 0.000000e+00 0.000000e+00 4.746562e-01 0.000000e+00 0.000000e+00 0.000000e+00 0.000000e+00
    0.000000e+00 4.268148e-01 0.000000e+00 0.000000e+00 0.000000e+00 0.000000e+00 0.000000e+00 0.000000e+00 0.000000e+00 0.000000e+00 0.000000e+00
    0.000000e+00 0.000000e+00 0.000000e+00 0.000000e+00 0.000000e+00 1.310439e-01 1.472944e-01 0.000000e+00 0.000000e+00 0.000000e+00 0.000000e+00
    0.000000e+00 0.000000e+00 0.000000e+00 0.000000e+00 3.184698e-01 0.000000e+00 0.000000e+00 0.000000e+00 0.000000e+00 0.000000e+00 0.000000e+00
    0.000000e+00 0.000000e+00 0.000000e+00]
   [0.000000e+00 0.000000e+00 0.000000e+00 0.000000e+00 0.000000e+00 0.000000e+00 0.000000e+00 5.826694e-02 0.000000e+00 0.000000e+00 0.000000e+00
    0.000000e+00 0.000000e+00 0.000000e+00 0.000000e+00 0.000000e+00 0.000000e+00 0.000000e+00 0.000000e+00 0.000000e+00 0.000000e+00 0.000000e+00
    2.352584e-01 0.000000e+00 0.000000e+00 0.000000e+00 0.000000e+00 0.000000e+00 3.696545e-01 0.000000e+00 0.000000e+00 3.516372e-02 0.000000e+00
    0.000000e+00 0.000000e+00 0.000000e+00 0.000000e+00 0.000000e+00 0.000000e+00 0.000000e+00 0.000000e+00 0.000000e+00 2.293304e-01 0.000000e+00
    0.000000e+00 0.000000e+00 0.000000e+00 0.000000e+00 0.000000e+00 0.000000e+00 0.000000e+00 0.000000e+00 0.000000e+00 0.000000e+00 0.000000e+00
    0.000000e+00 0.000000e+00 0.000000e+00 0.000000e+00 0.000000e+00 0.000000e+00 0.000000e+00 0.000000e+00 0.000000e+00 0.000000e+00 0.000000e+00
    0.000000e+00 0.000000e+00 0.000000e+00 0.000000e+00 1.121163e-01 0.000000e+00 0.000000e+00 0.000000e+00 0.000000e+00 0.000000e+00 0.000000e+00
    0.000000e+00 0.000000e+00 0.000000e+00 0.000000e+00 0.000000e+00 0.000000e+00 0.000000e+00 0.000000e+00 0.000000e+00 0.000000e+00 0.000000e+00
    0.000000e+00 0.000000e+00 0.000000e+00 0.000000e+00 1.940053e-01 0.000000e+00 0.000000e+00 0.000000e+00 0.000000e+00 0.000000e+00 0.000000e+00
    0.000000e+00 0.000000e+00 0.000000e+00 0.000000e+00 0.000000e+00 0.000000e+00 0.000000e+00 0.000000e+00 0.000000e+00 0.000000e+00 0.000000e+00
    0.000000e+00 0.000000e+00 0.000000e+00 0.000000e+00 0.000000e+00 6.197385e-02 0.000000e+00 0.000000e+00 0.000000e+00 0.000000e+00 0.000000e+00
    0.000000e+00 0.000000e+00 0.000000e+00 0.000000e+00 0.000000e+00 0.000000e+00 0.000000e+00 0.000000e+00 0.000000e+00 0.000000e+00 0.000000e+00
    0.000000e+00 0.000000e+00 0.000000e+00 0.000000e+00 0.000000e+00 0.000000e+00 1.455151e-01 0.000000e+00 0.000000e+00 0.000000e+00 0.000000e+00
    0.000000e+00 0.000000e+00 0.000000e+00 0.000000e+00 0.000000e+00 0.000000e+00 9.446767e-02 0.000000e+00 0.000000e+00 0.000000e+00 0.000000e+00
    0.000000e+00 0.000000e+00 7.013984e-01 0.000000e+00 0.000000e+00 0.000000e+00 0.000000e+00 0.000000e+00 0.000000e+00 0.000000e+00 0.000000e+00
    0.000000e+00 0.000000e+00 0.000000e+00 0.000000e+00 0.000000e+00 0.000000e+00 0.000000e+00 0.000000e+00 0.000000e+00 0.000000e+00 0.000000e+00
    0.000000e+00 0.000000e+00 0.000000e+00 0.000000e+00 0.000000e+00 0.000000e+00 0.000000e+00 0.000000e+00 1.358727e-03 0.000000e+00 0.000000e+00
    0.000000e+00 0.000000e+00 0.000000e+00 0.000000e+00 0.000000e+00 0.000000e+00 0.000000e+00 0.000000e+00 0.000000e+00 0.000000e+00 1.218494e-01
    0.000000e+00 0.000000e+00 0.000000e+00 0.000000e+00 0.000000e+00 7.743838e-02 0.000000e+00 0.000000e+00 0.000000e+00 0.000000e+00 0.000000e+00
    0.000000e+00 0.000000e+00 0.000000e+00 0.000000e+00 0.000000e+00 0.000000e+00 4.477640e-01 0.000000e+00 0.000000e+00 0.000000e+00 0.000000e+00
    0.000000e+00 3.861604e-01 0.000000e+00 0.000000e+00 0.000000e+00 0.000000e+00 0.000000e+00 0.000000e+00 0.000000e+00 0.000000e+00 0.000000e+00
    0.000000e+00 0.000000e+00 0.000000e+00 0.000000e+00 0.000000e+00 1.035154e-01 1.934934e-01 0.000000e+00 0.000000e+00 0.000000e+00 0.000000e+00
    0.000000e+00 0.000000e+00 0.000000e+00 0.000000e+00 3.227686e-01 0.000000e+00 0.000000e+00 0.000000e+00 0.000000e+00 0.000000e+00 0.000000e+00
    0.000000e+00 0.000000e+00 0.000000e+00]]

  [[0.000000e+00 0.000000e+00 0.000000e+00 0.000000e+00 0.000000e+00 0.000000e+00 1.181137e-02 9.642757e-02 0.000000e+00 0.000000e+00 0.000000e+00
    0.000000e+00 0.000000e+00 0.000000e+00 0.000000e+00 0.000000e+00 0.000000e+00 0.000000e+00 0.000000e+00 0.000000e+00 0.000000e+00 0.000000e+00
    2.342361e-01 0.000000e+00 0.000000e+00 0.000000e+00 0.000000e+00 0.000000e+00 3.468395e-01 0.000000e+00 0.000000e+00 3.551502e-02 0.000000e+00
    0.000000e+00 0.000000e+00 0.000000e+00 0.000000e+00 0.000000e+00 0.000000e+00 0.000000e+00 0.000000e+00 0.000000e+00 2.911204e-01 0.000000e+00
    0.000000e+00 0.000000e+00 0.000000e+00 0.000000e+00 0.000000e+00 0.000000e+00 0.000000e+00 0.000000e+00 0.000000e+00 0.000000e+00 0.000000e+00
    0.000000e+00 0.000000e+00 0.000000e+00 0.000000e+00 0.000000e+00 0.000000e+00 0.000000e+00 0.000000e+00 0.000000e+00 0.000000e+00 0.000000e+00
    0.000000e+00 0.000000e+00 0.000000e+00 0.000000e+00 9.730192e-02 0.000000e+00 0.000000e+00 0.000000e+00 0.000000e+00 0.000000e+00 0.000000e+00
    0.000000e+00 0.000000e+00 0.000000e+00 0.000000e+00 0.000000e+00 0.000000e+00 0.000000e+00 0.000000e+00 0.000000e+00 0.000000e+00 0.000000e+00
    0.000000e+00 0.000000e+00 0.000000e+00 0.000000e+00 1.254467e-01 0.000000e+00 0.000000e+00 0.000000e+00 0.000000e+00 0.000000e+00 0.000000e+00
    0.000000e+00 0.000000e+00 0.000000e+00 0.000000e+00 0.000000e+00 0.000000e+00 0.000000e+00 0.000000e+00 0.000000e+00 0.000000e+00 0.000000e+00
    0.000000e+00 0.000000e+00 0.000000e+00 0.000000e+00 0.000000e+00 4.601282e-02 0.000000e+00 0.000000e+00 0.000000e+00 0.000000e+00 0.000000e+00
    0.000000e+00 0.000000e+00 0.000000e+00 0.000000e+00 0.000000e+00 0.000000e+00 0.000000e+00 0.000000e+00 0.000000e+00 0.000000e+00 0.000000e+00
    0.000000e+00 0.000000e+00 0.000000e+00 0.000000e+00 0.000000e+00 0.000000e+00 1.280159e-01 0.000000e+00 0.000000e+00 0.000000e+00 0.000000e+00
    0.000000e+00 0.000000e+00 0.000000e+00 0.000000e+00 0.000000e+00 0.000000e+00 2.580310e-02 0.000000e+00 0.000000e+00 0.000000e+00 0.000000e+00
    0.000000e+00 0.000000e+00 6.644334e-01 0.000000e+00 0.000000e+00 0.000000e+00 0.000000e+00 0.000000e+00 0.000000e+00 0.000000e+00 0.000000e+00
    0.000000e+00 0.000000e+00 0.000000e+00 0.000000e+00 0.000000e+00 0.000000e+00 0.000000e+00 0.000000e+00 0.000000e+00 0.000000e+00 0.000000e+00
    0.000000e+00 0.000000e+00 0.000000e+00 0.000000e+00 0.000000e+00 0.000000e+00 0.000000e+00 0.000000e+00 0.000000e+00 0.000000e+00 0.000000e+00
    0.000000e+00 0.000000e+00 0.000000e+00 0.000000e+00 0.000000e+00 0.000000e+00 3.927995e-02 0.000000e+00 0.000000e+00 0.000000e+00 6.952979e-02
    0.000000e+00 0.000000e+00 0.000000e+00 0.000000e+00 0.000000e+00 5.077020e-02 0.000000e+00 0.000000e+00 0.000000e+00 0.000000e+00 0.000000e+00
    0.000000e+00 0.000000e+00 0.000000e+00 0.000000e+00 0.000000e+00 0.000000e+00 4.868371e-01 0.000000e+00 0.000000e+00 0.000000e+00 0.000000e+00
    0.000000e+00 4.458150e-01 0.000000e+00 0.000000e+00 0.000000e+00 0.000000e+00 0.000000e+00 0.000000e+00 0.000000e+00 0.000000e+00 0.000000e+00
    0.000000e+00 0.000000e+00 0.000000e+00 0.000000e+00 0.000000e+00 5.396111e-02 1.999782e-01 0.000000e+00 0.000000e+00 0.000000e+00 0.000000e+00
    0.000000e+00 0.000000e+00 0.000000e+00 0.000000e+00 3.428721e-01 0.000000e+00 0.000000e+00 0.000000e+00 0.000000e+00 0.000000e+00 0.000000e+00
    0.000000e+00 0.000000e+00 0.000000e+00]
   [0.000000e+00 0.000000e+00 0.000000e+00 0.000000e+00 0.000000e+00 0.000000e+00 2.370472e-02 5.007368e-02 0.000000e+00 0.000000e+00 0.000000e+00
    0.000000e+00 0.000000e+00 0.000000e+00 0.000000e+00 0.000000e+00 0.000000e+00 0.000000e+00 0.000000e+00 0.000000e+00 0.000000e+00 0.000000e+00
    1.826006e-01 0.000000e+00 0.000000e+00 0.000000e+00 0.000000e+00 0.000000e+00 3.667924e-01 0.000000e+00 0.000000e+00 0.000000e+00 0.000000e+00
    0.000000e+00 0.000000e+00 0.000000e+00 0.000000e+00 0.000000e+00 0.000000e+00 0.000000e+00 0.000000e+00 0.000000e+00 2.419952e-01 0.000000e+00
    0.000000e+00 0.000000e+00 0.000000e+00 0.000000e+00 0.000000e+00 0.000000e+00 0.000000e+00 0.000000e+00 0.000000e+00 0.000000e+00 0.000000e+00
    0.000000e+00 0.000000e+00 0.000000e+00 0.000000e+00 0.000000e+00 0.000000e+00 0.000000e+00 0.000000e+00 0.000000e+00 0.000000e+00 0.000000e+00
    0.000000e+00 0.000000e+00 0.000000e+00 0.000000e+00 1.559646e-01 0.000000e+00 0.000000e+00 0.000000e+00 0.000000e+00 0.000000e+00 0.000000e+00
    0.000000e+00 0.000000e+00 0.000000e+00 0.000000e+00 0.000000e+00 0.000000e+00 0.000000e+00 0.000000e+00 0.000000e+00 0.000000e+00 0.000000e+00
    0.000000e+00 0.000000e+00 0.000000e+00 0.000000e+00 1.727691e-01 0.000000e+00 0.000000e+00 0.000000e+00 0.000000e+00 0.000000e+00 0.000000e+00
    0.000000e+00 0.000000e+00 0.000000e+00 0.000000e+00 0.000000e+00 0.000000e+00 3.613777e-02 0.000000e+00 0.000000e+00 0.000000e+00 0.000000e+00
    0.000000e+00 0.000000e+00 0.000000e+00 0.000000e+00 0.000000e+00 7.190575e-02 0.000000e+00 0.000000e+00 0.000000e+00 0.000000e+00 0.000000e+00
    0.000000e+00 0.000000e+00 0.000000e+00 0.000000e+00 0.000000e+00 0.000000e+00 0.000000e+00 0.000000e+00 0.000000e+00 0.000000e+00 0.000000e+00
    0.000000e+00 0.000000e+00 0.000000e+00 0.000000e+00 0.000000e+00 0.000000e+00 1.192147e-01 0.000000e+00 0.000000e+00 0.000000e+00 0.000000e+00
    0.000000e+00 0.000000e+00 0.000000e+00 0.000000e+00 0.000000e+00 0.000000e+00 4.232819e-02 0.000000e+00 0.000000e+00 0.000000e+00 0.000000e+00
    0.000000e+00 0.000000e+00 7.401751e-01 0.000000e+00 0.000000e+00 0.000000e+00 0.000000e+00 0.000000e+00 0.000000e+00 0.000000e+00 0.000000e+00
    0.000000e+00 0.000000e+00 0.000000e+00 0.000000e+00 0.000000e+00 0.000000e+00 0.000000e+00 0.000000e+00 0.000000e+00 0.000000e+00 0.000000e+00
    0.000000e+00 0.000000e+00 0.000000e+00 0.000000e+00 0.000000e+00 0.000000e+00 0.000000e+00 0.000000e+00 0.000000e+00 0.000000e+00 0.000000e+00
    0.000000e+00 0.000000e+00 0.000000e+00 0.000000e+00 0.000000e+00 0.000000e+00 4.978759e-02 0.000000e+00 0.000000e+00 0.000000e+00 6.202558e-02
    0.000000e+00 0.000000e+00 0.000000e+00 0.000000e+00 0.000000e+00 5.422439e-02 0.000000e+00 0.000000e+00 0.000000e+00 0.000000e+00 0.000000e+00
    0.000000e+00 0.000000e+00 0.000000e+00 0.000000e+00 0.000000e+00 0.000000e+00 4.698952e-01 0.000000e+00 0.000000e+00 0.000000e+00 0.000000e+00
    0.000000e+00 4.367725e-01 0.000000e+00 0.000000e+00 0.000000e+00 0.000000e+00 0.000000e+00 0.000000e+00 0.000000e+00 0.000000e+00 0.000000e+00
    0.000000e+00 0.000000e+00 0.000000e+00 0.000000e+00 0.000000e+00 8.023879e-02 1.979873e-01 0.000000e+00 0.000000e+00 0.000000e+00 0.000000e+00
    0.000000e+00 0.000000e+00 0.000000e+00 0.000000e+00 3.128902e-01 0.000000e+00 0.000000e+00 0.000000e+00 0.000000e+00 0.000000e+00 0.000000e+00
    0.000000e+00 0.000000e+00 0.000000e+00]
   [0.000000e+00 0.000000e+00 0.000000e+00 0.000000e+00 0.000000e+00 0.000000e+00 1.384221e-02 4.093189e-02 0.000000e+00 0.000000e+00 0.000000e+00
    0.000000e+00 0.000000e+00 0.000000e+00 0.000000e+00 0.000000e+00 0.000000e+00 0.000000e+00 0.000000e+00 0.000000e+00 0.000000e+00 0.000000e+00
    1.495732e-01 0.000000e+00 0.000000e+00 0.000000e+00 0.000000e+00 0.000000e+00 3.907985e-01 0.000000e+00 0.000000e+00 0.000000e+00 0.000000e+00
    0.000000e+00 0.000000e+00 0.000000e+00 0.000000e+00 0.000000e+00 0.000000e+00 0.000000e+00 0.000000e+00 0.000000e+00 2.838506e-01 0.000000e+00
    0.000000e+00 0.000000e+00 0.000000e+00 0.000000e+00 0.000000e+00 0.000000e+00 0.000000e+00 0.000000e+00 0.000000e+00 0.000000e+00 0.000000e+00
    0.000000e+00 0.000000e+00 0.000000e+00 0.000000e+00 0.000000e+00 0.000000e+00 0.000000e+00 0.000000e+00 0.000000e+00 0.000000e+00 0.000000e+00
    0.000000e+00 0.000000e+00 0.000000e+00 0.000000e+00 1.293694e-01 0.000000e+00 0.000000e+00 0.000000e+00 0.000000e+00 0.000000e+00 0.000000e+00
    0.000000e+00 0.000000e+00 0.000000e+00 0.000000e+00 0.000000e+00 0.000000e+00 0.000000e+00 0.000000e+00 0.000000e+00 0.000000e+00 0.000000e+00
    0.000000e+00 0.000000e+00 0.000000e+00 0.000000e+00 2.066489e-01 0.000000e+00 0.000000e+00 0.000000e+00 0.000000e+00 0.000000e+00 0.000000e+00
    0.000000e+00 0.000000e+00 0.000000e+00 0.000000e+00 0.000000e+00 0.000000e+00 5.586960e-02 0.000000e+00 0.000000e+00 0.000000e+00 0.000000e+00
    0.000000e+00 0.000000e+00 0.000000e+00 0.000000e+00 0.000000e+00 7.920369e-02 0.000000e+00 0.000000e+00 0.000000e+00 0.000000e+00 0.000000e+00
    0.000000e+00 0.000000e+00 0.000000e+00 0.000000e+00 0.000000e+00 0.000000e+00 0.000000e+00 0.000000e+00 0.000000e+00 0.000000e+00 0.000000e+00
    0.000000e+00 0.000000e+00 0.000000e+00 0.000000e+00 0.000000e+00 0.000000e+00 1.343943e-01 0.000000e+00 0.000000e+00 0.000000e+00 0.000000e+00
    0.000000e+00 0.000000e+00 0.000000e+00 0.000000e+00 0.000000e+00 0.000000e+00 3.513800e-02 0.000000e+00 0.000000e+00 0.000000e+00 0.000000e+00
    0.000000e+00 0.000000e+00 7.097268e-01 0.000000e+00 0.000000e+00 0.000000e+00 0.000000e+00 0.000000e+00 0.000000e+00 0.000000e+00 0.000000e+00
    0.000000e+00 0.000000e+00 0.000000e+00 0.000000e+00 0.000000e+00 0.000000e+00 0.000000e+00 0.000000e+00 0.000000e+00 0.000000e+00 0.000000e+00
    0.000000e+00 0.000000e+00 0.000000e+00 0.000000e+00 0.000000e+00 0.000000e+00 0.000000e+00 0.000000e+00 0.000000e+00 0.000000e+00 0.000000e+00
    0.000000e+00 0.000000e+00 0.000000e+00 0.000000e+00 0.000000e+00 0.000000e+00 6.572168e-02 0.000000e+00 0.000000e+00 0.000000e+00 9.185061e-02
    0.000000e+00 0.000000e+00 0.000000e+00 0.000000e+00 0.000000e+00 6.569664e-02 0.000000e+00 0.000000e+00 0.000000e+00 0.000000e+00 0.000000e+00
    0.000000e+00 0.000000e+00 0.000000e+00 0.000000e+00 0.000000e+00 0.000000e+00 4.336832e-01 0.000000e+00 0.000000e+00 0.000000e+00 0.000000e+00
    0.000000e+00 4.799181e-01 0.000000e+00 0.000000e+00 0.000000e+00 0.000000e+00 0.000000e+00 0.000000e+00 0.000000e+00 0.000000e+00 0.000000e+00
    0.000000e+00 0.000000e+00 0.000000e+00 0.000000e+00 0.000000e+00 1.076842e-01 1.746964e-01 0.000000e+00 0.000000e+00 0.000000e+00 0.000000e+00
    0.000000e+00 0.000000e+00 0.000000e+00 0.000000e+00 3.451178e-01 0.000000e+00 0.000000e+00 0.000000e+00 0.000000e+00 0.000000e+00 0.000000e+00
    0.000000e+00 0.000000e+00 0.000000e+00]
   [0.000000e+00 0.000000e+00 0.000000e+00 0.000000e+00 0.000000e+00 0.000000e+00 0.000000e+00 1.352681e-01 0.000000e+00 0.000000e+00 0.000000e+00
    0.000000e+00 0.000000e+00 0.000000e+00 0.000000e+00 0.000000e+00 0.000000e+00 0.000000e+00 0.000000e+00 0.000000e+00 0.000000e+00 0.000000e+00
    2.523517e-01 0.000000e+00 0.000000e+00 0.000000e+00 0.000000e+00 0.000000e+00 3.554674e-01 0.000000e+00 0.000000e+00 4.982305e-02 0.000000e+00
    0.000000e+00 0.000000e+00 0.000000e+00 0.000000e+00 0.000000e+00 0.000000e+00 0.000000e+00 0.000000e+00 0.000000e+00 2.630199e-01 0.000000e+00
    0.000000e+00 0.000000e+00 0.000000e+00 0.000000e+00 0.000000e+00 0.000000e+00 0.000000e+00 0.000000e+00 0.000000e+00 0.000000e+00 0.000000e+00
    0.000000e+00 0.000000e+00 0.000000e+00 0.000000e+00 0.000000e+00 0.000000e+00 0.000000e+00 0.000000e+00 0.000000e+00 0.000000e+00 0.000000e+00
    0.000000e+00 0.000000e+00 0.000000e+00 0.000000e+00 1.042043e-01 0.000000e+00 0.000000e+00 0.000000e+00 0.000000e+00 0.000000e+00 0.000000e+00
    0.000000e+00 0.000000e+00 0.000000e+00 0.000000e+00 0.000000e+00 0.000000e+00 0.000000e+00 0.000000e+00 0.000000e+00 0.000000e+00 0.000000e+00
    0.000000e+00 0.000000e+00 0.000000e+00 0.000000e+00 1.719180e-01 0.000000e+00 0.000000e+00 0.000000e+00 0.000000e+00 0.000000e+00 0.000000e+00
    0.000000e+00 0.000000e+00 0.000000e+00 0.000000e+00 0.000000e+00 0.000000e+00 1.397542e-02 0.000000e+00 0.000000e+00 0.000000e+00 0.000000e+00
    0.000000e+00 0.000000e+00 0.000000e+00 0.000000e+00 0.000000e+00 7.278717e-02 0.000000e+00 0.000000e+00 0.000000e+00 0.000000e+00 0.000000e+00
    0.000000e+00 0.000000e+00 0.000000e+00 0.000000e+00 0.000000e+00 0.000000e+00 0.000000e+00 0.000000e+00 0.000000e+00 0.000000e+00 0.000000e+00
    0.000000e+00 0.000000e+00 0.000000e+00 0.000000e+00 0.000000e+00 0.000000e+00 1.158967e-01 0.000000e+00 0.000000e+00 0.000000e+00 0.000000e+00
    0.000000e+00 0.000000e+00 0.000000e+00 0.000000e+00 0.000000e+00 0.000000e+00 4.809886e-02 0.000000e+00 0.000000e+00 0.000000e+00 0.000000e+00
    0.000000e+00 0.000000e+00 6.880448e-01 0.000000e+00 0.000000e+00 0.000000e+00 0.000000e+00 0.000000e+00 0.000000e+00 0.000000e+00 0.000000e+00
    0.000000e+00 0.000000e+00 0.000000e+00 0.000000e+00 0.000000e+00 0.000000e+00 0.000000e+00 0.000000e+00 0.000000e+00 0.000000e+00 0.000000e+00
    0.000000e+00 0.000000e+00 0.000000e+00 0.000000e+00 0.000000e+00 0.000000e+00 0.000000e+00 0.000000e+00 0.000000e+00 0.000000e+00 0.000000e+00
    0.000000e+00 0.000000e+00 0.000000e+00 0.000000e+00 0.000000e+00 0.000000e+00 0.000000e+00 0.000000e+00 0.000000e+00 0.000000e+00 1.075903e-01
    0.000000e+00 0.000000e+00 0.000000e+00 0.000000e+00 0.000000e+00 5.143577e-02 0.000000e+00 0.000000e+00 0.000000e+00 0.000000e+00 0.000000e+00
    0.000000e+00 0.000000e+00 0.000000e+00 0.000000e+00 0.000000e+00 0.000000e+00 4.747093e-01 0.000000e+00 0.000000e+00 0.000000e+00 0.000000e+00
    0.000000e+00 4.229609e-01 0.000000e+00 0.000000e+00 0.000000e+00 0.000000e+00 0.000000e+00 0.000000e+00 0.000000e+00 0.000000e+00 0.000000e+00
    0.000000e+00 0.000000e+00 0.000000e+00 0.000000e+00 0.000000e+00 7.649665e-02 2.123897e-01 0.000000e+00 0.000000e+00 0.000000e+00 0.000000e+00
    0.000000e+00 0.000000e+00 0.000000e+00 0.000000e+00 3.401093e-01 0.000000e+00 0.000000e+00 0.000000e+00 0.000000e+00 0.000000e+00 0.000000e+00
    0.000000e+00 0.000000e+00 0.000000e+00]]]]
--- End Full Feature Map ---
